664159 550946 10
665845 557965 10
597173 575538 10
618600 551446 10
635690 608046 10
588100 557588 10
582015 546191 10
604678 574577 10
572029 518313 10
604737 574591 10
577728 587566 10
602013 574722 10
627968 574625 10
607269 536961 10
603145 574795 10
671919 571761 10
612184 570393 10
600032 575310 10
627912 593892 10
601967 604428 10
591851 569051 10
601444 572693 10
629718 558104 10
661430 603567 10
597551 556737 10
601182 582584 10
562704 570596 10
605107 563429 10
607214 575069 10
568824 570203 10
612485 518009 10
589244 573777 10
625579 551084 10
560237 500154 10
626224 569687 10
610666 551701 10
597428 569940 10
600582 599535 10
604168 555003 10
613871 550423 10
617310 551945 10
625728 579460 10
606300 566708 10
638559 558807 10
582176 630383 10
544056 577786 10
631297 578351 10
561574 621747 10
604973 574773 10
605284 556134 10
617910 592293 10
555904 640401 10
526559 509417 10
603849 572396 10
598634 619900 10
603359 589262 10
657455 567754 10
614279 599251 10
578496 631434 10
645171 595209 10
688015 533535 10
656477 573007 10
540029 563888 10
597418 538362 10
613545 574733 10
628696 542447 10
604157 574191 10
603126 497987 10
605850 533310 10
596179 529556 10
610330 552628 10
598184 531473 10
620438 511694 10
600202 622079 10
603021 577991 10
515612 540643 10
606548 574376 10
593490 623110 10
607084 595500 10
583728 563146 10
616044 533807 10
624452 584622 10
604438 574666 10
625709 660145 10
601376 579831 10
565148 557305 10
639418 537903 10
612799 537497 10
583653 652182 10
599808 596484 10
605250 573272 10
606738 601356 10
611044 571814 10
575440 568511 10
616329 529516 10
605927 572533 10
609286 586782 10
647354 579190 10
606929 571420 10
562920 559223 10
680357 620811 10
707100 601463 10
604294 574368 10
614917 600946 10
611508 503220 10
603789 574474 10
551740 588768 10
546031 570429 10
569197 559307 10
688712 568754 10
604067 574091 10
606809 572101 10
588597 622592 10
613840 534167 10
576263 547239 10
597077 568196 10
601339 571609 10
606011 569426 10
593398 559764 10
593166 622725 10
609796 532982 10
712648 607541 9
585048 505097 10
525967 565687 10
660327 585901 10
607604 573951 10
604001 573587 10
591484 571087 10
613868 585089 10
645464 660478 10
538571 654649 15
555429 604551 10
597620 586226 10
586097 567445 10
545235 539822 10
649088 575733 10
599123 616977 10
563763 559454 10
617717 613939 10
618869 577243 10
567188 560044 10
636628 533309 10
560362 567914 10
595014 632844 10
605876 550640 10
604352 573425 10
600679 599545 10
596891 579476 10
614943 540976 10
604415 571400 10
603698 573585 10
658199 568743 10
598759 582942 10
671269 590258 10
593317 534085 10
657985 453405 10
608557 590278 10
623004 508050 10
601900 569391 10
641031 593074 10
589658 640498 10
567565 573952 10
559078 570088 10
639431 588155 10
566609 537592 10
568570 579335 10
660650 615038 10
667639 571164 10
596796 529933 10
606111 617846 10
616060 590779 10
602873 527864 10
571334 594145 10
602167 543919 10
605100 573307 10
546640 560043 10
585195 555011 10
651740 589474 10
589112 536573 10
582057 543124 10
690968 555952 10
609030 552436 10
632125 541413 10
603445 630598 10
628264 616214 10
577242 574073 10
604090 574392 10
607911 576556 10
600665 638890 10
600117 539079 10
631182 565466 10
695646 652231 14
619445 567491 10
613191 571942 10
567428 580005 10
590583 623314 10
606289 670243 10
585175 574133 10
634967 579020 10
614615 574437 10
593061 579188 10
606933 576409 10
606587 573873 10
594084 629464 10
683697 581516 10
601530 577183 10
603055 589818 10
616561 619007 10
607463 477085 10
611581 572630 10
579712 568354 10
602887 595245 10
600039 557139 10
605913 579526 10
579773 568698 10
606324 544357 10
605958 573728 10
606144 575076 10
667472 570571 10
580048 565009 10
597802 576113 10
610263 574422 10
603855 575180 10
624369 532153 10
599870 591110 10
577167 617095 10
658403 611332 10
563460 480559 10
610980 522819 10
569422 567790 10
627727 578737 10
592804 584539 10
540783 626497 10
591823 639096 10
637323 549567 10
638078 629421 10
611315 560757 10
647103 573853 10
522993 595581 10
601187 531825 10
533799 564377 10
649034 528813 10
620975 564344 10
622407 583192 10
597026 642918 10
551291 576721 10
608768 610525 10
697959 614701 10
658281 582264 10
546632 599204 10
672565 564468 10
636500 587401 10
696144 548705 10
533551 582247 10
526802 551524 10
553038 606418 10
696601 603624 10
588964 597435 10
716139 621721 14
608529 586311 10
557378 567033 10
589994 610890 10
589344 563119 10
624415 515911 10
565483 551512 10
584895 574666 10
582777 542670 10
639394 576728 10
608298 573748 10
663578 586265 10
628080 562986 10
597421 554767 10
595193 576508 10
658103 572250 10
659529 498474 10
606415 581386 10
641976 577433 10
587466 564953 10
589180 595099 10
601885 573083 10
580561 528916 10
621726 578003 10
558817 576255 10
620213 574468 10
594010 570095 10
541976 512639 10
593840 578685 10
602667 575857 10
631446 561156 10
596481 567449 10
611318 581584 10
568546 564911 10
593865 572987 10
597017 575588 10
578804 573582 10
673750 594081 10
592714 553958 10
594029 586701 10
668502 563937 10
629533 537542 10
801539 318482 6
801667 318542 6
814045 332998 6
800479 321640 6
757470 224976 6
844536 424646 6
797105 316002 6
779956 271501 6
797205 313318 6
801323 316240 6
783666 262902 6
806131 312752 6
830658 368694 6
802482 335269 6
801910 325434 6
808062 337340 6
789833 304422 6
803603 327255 6
800865 312968 6
802237 318526 6
803959 315173 6
800123 312312 6
780927 285057 6
797242 324588 6
801551 320544 6
809182 319115 6
801931 317202 6
870801 476330 9
820327 352701 6
801093 317509 6
798523 324500 6
805237 318655 6
803375 311620 6
801441 323812 6
797313 317527 6
788220 301915 6
790395 300024 6
817135 349925 6
797787 301470 6
804630 332333 6
808710 330379 6
802111 320817 6
796375 309563 6
819768 346596 6
814605 354382 6
800565 319364 6
802089 313456 6
814401 341234 6
796609 319691 6
776131 248465 6
803464 329093 6
802646 317894 6
809550 327365 6
795322 311178 6
830450 393096 6
778414 260729 6
800041 318331 6
802814 320130 6
802738 312234 6
823913 369439 6
803386 318982 6
812869 346251 6
798904 324420 6
800447 331643 6
807446 342555 6
804251 329956 6
797594 302109 6
803448 314797 6
765502 240340 6
795527 315510 6
794640 313497 6
808717 335740 6
790932 305223 6
816852 352965 6
826228 376658 6
795299 312036 6
808686 332209 6
809594 344872 6
799275 324108 6
878184 487392 9
798472 322218 6
824822 367091 6
746769 205186 11
756701 207223 11
795489 287279 6
800483 320713 6
783491 288029 6
797162 306135 6
800272 316170 6
806827 324616 6
802853 314938 6
800804 316615 6
813173 354777 6
801588 319814 6
797400 315778 6
823840 368410 6
811391 343836 6
801055 321833 6
804038 306622 6
803780 334441 6
834173 386159 6
802784 313853 6
807293 347456 6
817119 336333 6
786635 269352 6
824624 381716 6
797415 319840 6
800772 325023 6
806626 318966 6
800845 311838 6
769386 259892 6
797272 324228 6
807409 325526 6
795836 291870 6
798321 319665 6
805372 313397 6
790738 308028 6
800667 315995 6
795205 316433 6
809054 345541 6
808452 320117 6
779897 279572 6
782642 275308 6
797569 321799 6
801751 318110 6
787644 297715 6
807401 314610 6
800677 310656 6
800394 301473 6
795571 310093 6
814158 335578 6
811913 325091 6
806982 316680 6
775604 274485 6
800133 327081 6
806511 313841 6
803796 314893 6
802012 318315 6
826789 377676 6
814108 344096 6
804354 309671 6
807017 330432 6
803774 334756 6
817410 346944 6
841928 398948 6
816145 349032 6
818622 370753 6
786245 292352 6
784164 285702 6
805390 319676 6
790774 303642 6
803277 319525 6
833182 379714 6
773023 251826 6
801609 320399 6
778965 282290 6
814317 333112 6
805080 323708 6
801080 318049 6
799724 318884 6
798059 316113 6
806176 320301 6
769876 257669 6
825716 373098 6
791983 298565 6
801386 313545 6
804871 317801 6
810903 332925 6
838276 395673 6
810543 341180 6
777978 252419 6
820258 351165 6
801997 319385 6
779437 281959 6
810253 323873 6
794826 309589 6
814280 344223 6
832651 373469 6
794142 306704 6
802041 319504 6
804190 320706 6
798983 325682 6
840462 402858 6
799912 323363 6
804119 328544 6
804358 320802 6
803057 331037 6
803031 325811 6
784151 283760 6
800444 311497 6
802004 317772 6
803470 319069 6
811277 335577 6
803332 315488 6
800037 317963 6
813436 360446 6
800694 316789 6
838129 404012 6
764997 249477 6
800316 311699 6
806848 320541 6
805462 317833 6
798308 312788 6
802655 316263 6
801456 320080 6
801309 318213 6
840886 397888 6
829529 375007 6
830805 370801 6
804979 334141 6
804013 316083 6
808489 317021 6
770113 241615 6
804332 319006 6
833661 389733 6
797834 297329 6
794956 309980 6
801232 307078 6
809552 342258 6
794615 305632 6
809259 345634 6
811502 355939 6
801301 316893 6
803370 318247 6
804702 315881 6
797009 293194 6
813791 334609 6
812965 330224 6
826048 374236 6
800959 322309 6
803405 317316 6
802254 320673 6
783116 265635 6
798633 317300 6
801482 327644 6
798612 326404 6
799001 302014 6
802537 312497 6
799794 315080 6
793892 313943 6
804691 332987 6
793855 298525 6
796952 318633 6
800655 320227 6
801780 318992 6
805977 320805 6
796916 323332 6
820904 351763 6
808405 318841 6
765283 249459 6
824212 363776 6
798981 311092 6
797178 310439 6
800582 316980 6
803839 310353 6
796283 315582 6
801145 317601 6
801662 318423 6
801782 318281 6
803377 319212 6
803932 318781 6
806192 337849 6
789583 287700 6
801586 318947 6
804251 331304 6
799667 316830 6
759789 229116 6
799021 326404 6
793684 312065 6
806320 315242 6
786234 267976 6
821151 366545 6
801903 312794 6
782506 279930 6
803627 319323 6
794991 291216 6
794667 315069 6
799291 317500 6
798243 324160 6
804408 337683 6
818119 348676 6
810502 336169 6
793560 285392 6
801326 315779 6
808644 326320 6
813645 328765 6
800966 317165 6
797111 302781 6
802431 322048 6
811061 333595 6
786719 283364 6
773955 239849 6
803701 321815 6
783110 289805 6
800235 316652 6
807421 317527 6
797947 319734 6
805035 317469 6
801166 322298 6
846693 429031 6
801493 322249 6
806087 326636 6
810657 329468 6
801313 300606 6
800390 309948 6
801634 318965 6
799197 314215 6
795254 296488 6
807696 320548 6
800461 326821 6
801174 320442 6
809781 326904 6
826585 366934 6
804429 312164 6
788005 292268 6
801183 316191 6
378274 816341 15
406233 813072 15
401478 785370 15
448651 847994 15
434440 822866 15
369199 734895 15
413241 771595 15
369418 733394 15
378563 789670 15
424190 780052 15
415993 776671 15
421352 799127 15
432656 783776 15
383032 788008 15
414377 771258 15
425260 773661 15
469139 810971 15
442979 803024 15
347079 803582 15
412797 803180 15
352874 807952 15
442286 755194 15
416433 786159 15
419700 793447 15
422961 821595 15
400008 789447 15
429586 775621 15
457561 788245 15
415417 785827 15
389552 750700 15
415598 786499 15
443447 783977 15
404792 749210 15
389392 730768 15
473485 847098 15
491614 778997 15
437483 785130 15
452570 848127 15
417197 778243 15
405986 787439 15
437568 794323 15
420319 794333 15
418963 746595 15
469422 822619 15
397688 762902 15
418149 790096 15
407289 798870 15
360319 778673 15
473799 795167 15
445199 763833 15
446537 828924 15
410019 732704 15
396540 815936 15
407694 718592 15
417091 792545 15
442260 754050 15
411526 784658 15
407814 765816 15
394022 803914 15
481133 781413 15
396118 794614 15
458538 786673 15
419721 789724 15
424476 781552 15
377720 727349 15
448336 789445 15
412227 787450 15
408745 824896 15
417016 774869 15
395274 786698 15
412541 806622 15
412109 735920 15
407023 787385 15
376660 815936 15
396548 784388 15
508535 830710 15
414014 816460 15
440782 782395 15
436951 814456 15
393758 750953 15
418410 795929 15
425991 787029 15
414562 787355 15
408712 803987 15
377858 811790 15
417169 792321 15
460371 780609 15
388873 746909 15
395641 808571 15
386436 791388 15
440667 768761 15
438437 730300 15
370839 727884 15
422917 781112 15
391555 789079 15
402666 814060 15
474368 812039 15
406176 760860 15
463768 793154 15
446307 796523 15
402309 786873 15
413946 786971 15
425053 790566 15
416926 785113 15
424023 737453 15
417447 782955 15
415672 787824 15
416019 787562 15
417515 787648 15
459230 803720 15
447833 819282 15
418199 851439 15
417393 771537 15
441415 780207 15
399634 751940 15
373360 784232 15
419227 779215 15
434717 808225 15
397669 792218 15
412028 773494 15
407504 803363 15
365147 790525 15
459328 805961 15
429472 860855 15
480128 785580 15
344915 702496 15
410969 770451 15
407460 791404 15
420476 750495 15
397747 792207 15
408428 771823 15
397806 749559 15
426040 825049 15
407565 766203 15
414317 828815 15
410610 765111 15
412388 784064 15
406337 750353 15
422419 754048 15
416039 730594 15
414512 793966 15
398478 822297 15
424375 721868 15
403890 792420 15
400902 772920 15
402367 782997 15
472917 830363 15
418621 840463 15
329002 727685 15
418618 811618 15
425356 745471 15
470922 770669 15
400598 790903 15
412851 774986 15
492415 829655 15
400079 749617 15
417673 785965 15
424720 768456 15
386415 801444 15
426689 788562 15
430747 776261 15
405714 781619 15
429220 787348 15
427850 762201 15
434080 785264 15
473514 788780 15
412386 777312 15
430686 844506 15
409142 811927 15
422198 724557 15
392185 713763 15
412677 786951 15
399149 784376 15
382693 749680 15
527515 831478 15
448519 805219 15
430779 770145 15
413556 758080 15
392140 769924 15
416855 794023 15
389713 772742 15
398498 776720 15
473727 807244 15
389410 788256 15
377230 790154 15
415564 784464 15
456799 844976 15
444336 820061 15
404359 783919 15
453154 776082 15
425019 759577 15
415895 775793 15
420083 787815 15
506612 858859 15
436648 859634 15
403522 785432 15
401407 759648 15
403852 792473 15
367398 701756 15
412453 784453 15
382124 786262 15
416884 786845 15
448865 836781 15
383821 808301 15
414249 796590 15
457338 789952 15
396276 785999 15
390282 789593 15
409417 758123 15
397561 815245 15
397137 742547 15
402891 801910 15
385257 791581 15
409628 833942 15
369249 797068 15
460942 779073 15
423146 737571 15
420509 788730 15
422736 790806 15
401492 790336 15
394018 799506 15
385140 796221 15
430243 781020 15
416775 806826 15
425796 795608 15
411488 837715 15
433989 765343 15
415806 783594 15
417023 771194 15
415270 775605 15
391163 811977 15
405350 762342 15
414860 773921 15
371779 814715 15
415631 805010 15
387951 813315 15
472691 802678 15
471930 844046 15
432892 815223 15
366654 802105 15
411721 717873 15
426115 814461 15
375997 806621 15
385561 718324 15
375573 809249 15
437958 784801 15
363857 784086 15
430138 818594 15
435085 791564 15
414036 742189 15
425611 793420 15
439793 740773 15
467107 817914 15
387631 749416 15
430001 765803 15
384225 784381 15
417146 822655 15
427371 819417 15
399587 792459 15
474648 778810 15
345692 788190 15
409515 756149 15
469782 780552 15
468229 827985 15
414951 852935 15
409701 750741 15
442826 795974 15
459556 818479 15
423311 813081 15
476144 772131 15
391976 789416 15
448649 813885 15
496658 816784 15
410336 767856 15
430167 811490 15
357467 797530 15
404220 785798 15
446368 763341 15
439514 758221 15
424145 743433 15
470062 771204 15
421187 779726 15
396617 801039 15
394708 739061 15
394912 755947 15
425950 788228 15
408283 806161 15
419520 778231 15
441950 785934 15
409814 836083 15
395817 788858 15
422776 808328 15
363959 810632 15
422943 804253 15
407626 771304 15
347933 797148 15
457554 795861 15
394274 837428 15
445674 768552 15
416359 786189 15
419485 804779 15
376176 795539 15
349378 805118 15
456566 743012 15
484407 809641 15
403329 717870 15
392795 817694 15
372621 772258 15
461751 817277 15
489182 773934 15
427388 815258 15
418155 819422 15
437035 755506 15
416444 783624 15
777811 751059 14
823974 725025 14
749723 781756 14
875160 698897 14
828194 742074 14
800913 749332 14
831165 783383 14
793019 764859 14
810467 706465 14
803540 754792 14
844662 654835 14
803962 731228 14
823065 733789 14
822156 732296 14
811389 723618 14
779936 774397 14
854769 713941 14
803457 735855 14
790712 745884 14
815652 733433 14
841289 701474 14
832054 751330 14
786032 701427 14
824835 704997 14
832886 781206 14
818063 797960 14
857620 709386 14
828589 652430 14
836727 737798 14
776000 780347 14
824098 714042 14
830583 710990 14
862189 735684 14
815131 704478 14
828478 655405 14
784838 771499 14
880362 706363 14
767482 727417 14
825070 734215 14
813781 738344 14
840863 737972 14
840943 739611 14
828276 762021 14
822883 728314 14
854886 769396 14
829623 732301 14
835428 731189 14
818338 800932 14
823417 701523 14
812152 689907 14
829969 699565 14
861563 661642 14
816955 747629 14
774526 757135 14
803577 712231 14
798056 714380 14
881789 727577 14
858867 700187 14
834996 728517 14
839121 736259 14
841045 738224 14
840100 728839 14
874544 686096 14
862334 747768 14
820253 714625 14
817862 732248 14
844729 682981 14
846484 719360 14
793669 724513 14
821906 732848 14
826465 646980 14
820350 748217 14
814540 707227 14
838223 766380 14
869471 745767 14
816054 733183 14
801177 737548 14
848783 748980 14
814105 723255 14
838036 749612 14
840270 725456 14
789601 714058 14
827169 708345 14
789448 738035 14
835030 668528 14
848151 741869 14
816091 747764 14
801511 761094 14
822670 689090 14
873672 734440 14
808153 737136 14
755829 751858 14
814697 729209 14
832758 707452 14
848264 762550 14
799903 784535 14
802674 727804 14
828147 808738 14
820707 705318 14
824594 741664 14
804474 747122 14
823108 733302 14
839514 728923 14
827711 732798 14
851644 721350 14
816390 711340 14
798007 723995 14
790612 738038 14
821909 728448 14
865754 723314 14
735295 814058 3
877711 703850 14
792990 685472 14
809917 762429 14
789388 712210 14
879221 655497 14
876935 684572 14
819439 735945 14
807929 730950 14
850451 764015 14
811748 766105 14
824765 761114 14
848586 789052 14
812231 739235 14
873532 712802 14
842590 716861 14
832798 734777 14
817640 730018 14
824322 744720 14
777697 798253 14
868493 677155 14
805658 698630 14
840349 790707 14
796953 726378 14
832589 782799 14
817441 709397 14
856029 730586 14
805089 762512 14
854628 773470 14
846090 651306 14
796943 674692 14
827192 785316 14
818209 719382 14
795200 786424 14
817777 724927 14
846512 683647 14
825080 746712 14
824674 806300 14
822616 735941 14
805391 732659 14
823250 732088 14
850376 739749 14
821337 733356 14
796786 724615 14
862425 741010 14
825690 703854 14
800872 672603 14
825395 715780 14
843911 730036 14
820238 732928 14
848570 703697 14
825515 738284 14
820367 732364 14
822025 749214 14
837718 761480 14
871723 685520 14
850904 720163 14
816775 739989 14
822103 732911 14
815455 755486 14
835648 756631 14
868626 737331 14
825997 730652 14
817252 730254 14
877906 722361 14
808440 729985 14
791470 751113 14
841654 764836 14
825429 732758 14
751215 828365 3
804706 788001 14
820194 734233 14
869991 705259 14
809779 663654 14
822078 711840 14
866139 717138 14
829379 718721 14
837582 763266 14
783999 732487 14
800231 732106 14
862569 719773 14
838764 652792 14
849343 713993 14
828297 715480 14
821259 750089 14
874643 729921 14
819058 729125 14
817018 729596 14
797804 715342 14
838515 768484 14
829398 724900 14
754841 796342 14
878690 739021 14
821908 732077 14
786495 759000 14
823987 687499 14
787988 741203 14
839339 726322 14
822425 727248 14
854412 725575 14
788351 737539 14
838587 700545 14
840425 762290 14
817395 734126 14
807913 737341 14
872285 750708 14
788166 702817 14
836225 709204 14
822293 786837 14
888892 702505 14
822623 745025 14
795124 696429 14
832238 725434 14
815593 689874 14
843572 784897 14
833716 758772 14
822474 780882 14
801102 759330 14
841752 731595 14
808779 732990 14
822533 758955 14
817807 715863 14
837977 728814 14
801204 755177 14
819628 810748 14
814732 734183 14
832086 716249 14
876503 659112 14
823856 749355 14
819737 737829 14
818756 743887 14
811971 664520 14
801526 705057 14
827031 734324 14
843891 721571 14
810460 735109 14
782368 759352 14
801172 715857 14
866928 716961 14
829673 730398 14
850888 736810 14
786935 732999 14
769656 721159 14
804925 735492 14
870054 738900 14
818932 728481 14
853692 746285 14
807072 687932 14
750459 800215 14
823959 737866 14
835804 710711 14
790206 747165 14
813092 739043 14
801810 728106 14
825404 733788 14
820947 730529 14
827081 694553 14
822664 720677 14
768565 762193 14
823113 733720 14
821079 800206 14
828531 731300 14
820757 738235 14
781260 737962 14
819438 662327 14
833504 744564 14
789552 731946 14
822843 763117 14
775555 719683 14
865084 713697 14
820455 729132 14
849547 738979 14
762269 792243 14
821464 700760 14
824013 753991 14
803369 698753 14
823589 728083 14
796353 710294 14
820083 728310 14
829133 735488 14
823455 747394 14
818542 740451 14
809623 734937 14
841762 777572 14
802184 751958 14
803874 675499 14
830065 739162 14
824140 729074 14
852730 769968 14
866760 753547 14
811031 703822 14
825414 734466 14
816615 770855 14
786227 765634 14
817269 733788 14
809453 736879 14
757421 774445 14
818251 731938 14
788020 765562 14
823618 734216 14
812295 728049 14
837545 696979 14
797918 694723 14
822224 742716 14
821895 732158 14
797233 713358 14
800258 733812 14
813319 737376 14
860951 162251 8
860387 157731 11
857363 154639 11
863391 126214 11
839094 159543 11
849248 164090 11
875990 133950 11
905936 150106 8
895835 123485 8
818079 108536 11
898976 198452 8
869087 153957 8
849653 143827 11
834293 161575 11
844234 153197 11
835128 212354 8
828179 155649 11
875410 128878 11
850965 156224 11
800816 176612 11
832621 150748 11
876863 176593 8
826192 172906 11
862679 188399 8
839974 154358 11
854338 135067 11
855233 141357 11
850538 160159 11
868442 160118 8
888714 205560 8
864185 161232 8
851280 156049 11
875825 204959 8
840375 155757 11
892340 149050 8
873527 126426 11
836433 200181 8
826499 142732 11
854922 159650 11
883537 210648 8
807420 168787 11
840299 118907 11
834602 213597 8
864053 139325 11
856454 117143 11
857972 160214 11
850046 108829 11
804936 148980 11
864374 150149 11
858587 150101 11
870247 121460 11
855656 162100 11
850176 127908 11
850057 157848 11
828005 145089 11
861994 160156 8
849537 157510 11
867125 168762 8
838142 156770 11
847644 164348 11
856349 158150 11
860606 152843 11
869288 168662 8
838328 185708 8
860986 140320 11
829229 143653 11
866051 172932 8
871556 194747 8
865489 161762 8
851840 110475 11
846256 154064 11
836081 178429 11
859707 202806 8
849938 156042 11
894124 202052 8
864325 170593 8
848108 161786 11
817619 181929 11
858058 196183 8
861242 161722 8
885793 172115 8
850577 157049 11
877125 161227 8
883864 111281 11
891699 170415 8
802394  87835 11
862759 157988 8
824185 167369 11
813124 157130 11
840335 164912 11
858042 178196 8
846257 145306 11
858516 151301 11
851282 153750 11
905005 164126 8
857309 139276 11
845589 192916 8
895245 150977 8
863995 150435 11
862642 159379 8
861631 169376 8
858934 162874 8
912023 160368 8
842824 177832 8
824560 133679 11
842281 175525 11
860845 155375 11
841096 188742 8
821428 153468 11
840357 169437 11
827802 189078 11
844734 164570 11
847812 114745 11
887269 166179 8
830159 134329 11
850925 157811 11
847276 121785 11
870599 149782 8
780153 136449 11
814379 132655 11
834483 173379 11
852423 159874 11
854012 157449 11
883375 158482 8
850219 110573 11
836450 151205 11
881217 172320 8
813239 139752 11
871255 140340 11
789356 159383 11
873690 156226 8
858834 149259 11
778867 140736 11
872057 122354 11
882097 161493 8
787336 144875 11
849751 167033 11
843833 170416 11
850663 157840 11
812240 177846 11
838609 140215 11
850959 157920 11
859703 156782 11
854753 190254 8
895723 126593 8
857833 170565 8
850200 164752 11
845303 150476 11
877422 134877 11
850153 155701 11
819256 201704 11
871689 155981 8
818014 140185 11
815298 167390 11
864088 171351 8
902529 162041 8
908069 146564 8
799326 106384 11
854996  81095 11
843813 182032 8
888504 147016 8
877964 242679 8
851866 156896 11
821361 175823 11
810775 160434 11
843150 156573 11
844088 150085 11
830620 117906 11
835790 127898 11
819541 117296 11
858703 157931 11
857846 153281 11
876408 183646 8
842576 153072 11
848974 199427 8
862925 243856 8
856561 128799 11
834171 189042 8
872516 217570 8
869167 105039 11
819670 183364 11
846575 159002 11
895127 152283 8
830445 186055 11
792179 148539 11
852410 187705 8
853554 158012 11
927170 250593 8
825605 167750 11
846731 162515 11
878170 123364 11
884966 133900 8
866987 154415 8
846284 113820 11
873474 159567 8
878258 158631 8
882306 173836 8
856924 169071 8
794260 129843 11
851568 114049 11
868736 179354 8
925732 210388 8
868375 161990 8
855593 161003 11
849599 157084 11
868317 177001 8
800304 163436 11
823740 169808 11
856202 158811 11
883929 121705 11
851010 157593 11
872506 157517 8
850533 160136 11
816393 185056 11
850911 157772 11
812942  85345 11
835581 147664 11
913298 162009 8
858172 137586 11
872781 154295 8
871597 185239 8
923120 170161 8
837019 215527 8
835702 176502 11
837017 154170 11
859177 143273 11
866851 129505 11
855852 134834 11
924289 171369 8
860154 113364 11
836739 162321 11
850775 162968 11
884750 154317 8
849681 125345 11
854463 159977 11
883567 161769 8
848137  87922 11
823676 152154 11
848135 130674 11
844400 150812 11
864494 136669 11
878157 210496 8
851088 157432 11
786528 104976 11
860106 157080 11
861412 205239 8
820675 168154 11
834036 144156 11
842907 133992 11
846720 162060 11
871544 144135 11
849003 115373 11
856753 145184 11
839757 190518 8
865113 161302 8
846936 161313 11
845802 172285 11
844357 163402 11
881106 105566 11
877835 151890 8
839445 149778 11
866560 165110 8
845798 213118 8
818668 120458 11
831446 182864 11
900955 185733 8
836647 167267 11
874672 104851 11
849126 121710 11
889142 154467 8
855993 225023 8
854095 158510 11
850787 125678 11
859298 139834 11
829216 121494 11
837676 148639 11
851919 127963 11
841353 125628 11
848563 117708 11
893106 176595 8
852503 146551 11
848290 143184 11
825541 151495 11
883231 232031 8
864667 143614 11
805089  96540 11
854909 149938 11
847097 176660 8
910435 171155 8
878749 188759 8
871780 158486 8
841292 155620 11
846011 160034 11
855969 193497 8
860927 110775 11
808069 134402 11
848413 183717 8
791722 162000 11
852104 134678 11
806567 140259 11
847423 161535 11
867993 162841 8
828038 149181 11
849404 170474 8
841967 150890 11
850945 161669 11
888697 143969 8
813868 188928 11
864991 159874 8
881109 152198 8
811694 188374 11
900360 153622 8
885764 151791 8
814553 164190 11
895623 178393 8
829790 205695 8
865170 173755 8
850453 155432 11
864211 216526 8
848770 111076 11
791199 164843 11
834165 140684 11
843905 219401 8
857328 143692 11
838146 159541 11
340693 569371 13
315965 587160 13
405652 622938 13
359831 554975 13
349296 557688 13
289423 559134 13
408689 562521 13
321312 574721 13
286568 547471 13
370259 585265 13
339967 562602 13
410917 614521 13
283570 563726 13
347197 591316 13
342064 570045 13
317331 556086 13
335792 541310 13
330455 568758 13
366794 582584 13
378697 591764 13
339981 565418 13
338342 566864 13
338474 563350 13
432052 613723 13
340064 550509 13
334354 578047 13
296775 572432 13
353335 592567 13
334016 562797 13
328438 532686 13
365927 571713 13
343247 564376 13
325057 581121 13
330881 579058 13
378648 579579 13
339115 566863 13
333299 597586 13
367048 553451 13
345840 561591 13
366934 581294 13
358793 547046 13
393570 579641 13
304399 545221 13
353979 578923 13
337002 589527 13
327738 559624 13
334549 579199 13
297110 556485 13
327403 548875 13
413894 564459 13
326043 553772 13
337811 558454 13
333901 532836 13
340545 568654 13
358483 554925 13
318065 581616 13
367751 578289 13
331667 570387 13
321519 561045 13
299578 572052 13
339632 536577 13
339993 544064 13
268672 508874 13
332960 569308 13
345042 566973 13
352220 602793 13
333934 537464 13
312386 555195 13
334182 558498 13
335328 562880 13
303637 570253 13
353145 580916 13
325118 556212 13
294310 563522 13
371563 547746 13
373894 555347 13
407040 577739 13
337298 565486 13
357813 572855 13
304157 566007 13
335918 566525 13
330127 570072 13
339212 538693 13
357275 551101 13
334785 565575 13
326152 563230 13
345903 561314 13
238748 551038 1
331175 551842 13
352520 566829 13
341675 560197 13
354746 552404 13
412500 594675 13
277027 536847 13
322209 547247 13
375619 553791 13
288068 561932 13
344770 570309 13
284031 566654 13
324442 567881 13
356246 549756 13
404420 577532 13
336829 562228 13
293591 522132 13
342963 582232 13
338860 561151 13
324055 590810 13
328331 541094 13
357737 597104 13
392534 593343 13
298665 568245 13
343376 575709 13
338863 563107 13
361370 552483 13
338935 567577 13
350117 535859 13
371000 555062 13
368617 554066 13
331795 529654 13
344237 573700 13
280110 522025 13
328657 564864 13
452457 597461 13
333669 542228 13
320628 564596 13
316642 553340 13
340712 563178 13
349955 535578 13
261538 525920 13
411008 607342 13
317136 563479 13
297022 574097 13
319927 524637 13
359772 568428 13
344791 578536 13
324093 580491 13
373907 558472 13
321905 573147 13
341721 576427 13
386373 606623 13
338588 543875 13
341578 558672 13
371616 570648 13
331987 568997 13
341329 565571 13
334350 556417 13
330482 571217 13
338950 572545 13
289087 565427 13
343997 585193 13
225786 529417 1
365567 547606 13
320827 519618 13
286990 529505 13
321517 569562 13
388806 569524 13
411796 581307 13
331440 551885 13
325958 573367 13
348171 569251 13
344239 530765 13
419151 577335 13
321309 569996 13
386377 574187 13
342099 561508 13
366688 562413 13
321657 538660 13
403004 613466 13
363304 553764 13
384922 582877 13
304556 568584 13
336787 538925 13
327998 571265 13
303269 531608 13
313649 523765 13
337889 558031 13
360165 553303 13
340032 561740 13
338634 564414 13
351459 565704 13
412767 593558 13
283474 532727 13
336928 557412 13
366478 594677 13
343450 570659 13
331616 565089 13
354529 573677 13
276703 559740 13
282066 560178 13
331366 567311 13
321910 573825 13
290107 571927 13
281979 518199 13
374695 563163 13
340191 567638 13
338583 563529 13
358312 559466 13
338474 564151 13
338205 566246 13
342901 582886 13
265815 540385 13
304086 576100 13
347966 563506 13
346144 560472 13
352381 592377 13
318681 528806 13
369366 561201 13
310041 533285 13
344314 595915 13
363956 609339 13
328586 551385 13
330767 552963 13
312558 520650 13
315850 573154 13
379388 567285 13
329905 579935 13
352209 548608 13
357679 548036 13
339288 588052 13
330335 568221 13
341559 562163 13
341925 569393 13
327695 543105 13
335999 549795 13
302359 534317 13
332586 566187 13
330750 561657 13
400380 588221 13
337910 562252 13
336549 565597 13
343717 559909 13
332116 594868 13
358384 556361 13
415881 584352 13
345164 579614 13
316395 537403 13
340970 564831 13
340383 600071 13
326627 534442 13
356865 545785 13
306298 551902 13
347575 565576 13
302583 571881 13
352424 557574 13
279008 521035 13
335029 553213 13
338753 563384 13
324032 577807 13
327973 534972 13
321924 527106 13
345495 579864 13
385091 599401 13
361138 551307 13
332884 533990 13
269126 508814 13
350056 566657 13
374117 546122 13
350283 559840 13
335525 567445 13
350798 535657 13
289002 520678 13
324516 522674 13
364844 571623 13
351815 574947 13
275524 559548 13
348773 583528 13
308966 523409 13
316313 570785 13
341966 561987 13
341446 538787 13
318823 565345 13
347522 587567 13
293746 544468 13
334983 572690 13
325125 564342 13
330145 546705 13
336336 563145 13
302353 545544 13
321216 569834 13
285152 520229 13
335027 565050 13
332270 556288 13
341016 545280 13
339640 561426 13
338633 563504 13
324952 565867 13
353583 554147 13
385183 556284 13
292636 520371 13
289176 571435 13
310944 559497 13
336974 563207 13
337173 557853 13
396903 591235 13
324440 567074 13
333378 557892 13
300366 565761 13
344437 529492 13
325871 558965 13
367641 556309 13
344552 554676 13
297212 546223 13
355924 577596 13
331340 524203 13
292932 558293 13
306346 523584 13
341966 586266 13
282430 560217 13
326251 549298 13
335201 585318 13
351564 573155 13
322365 530808 13
405542 600089 13
296763 528676 13
221233 538472 1
338084 560295 13
345674 579033 13
325883 560492 13
345123 577788 13
329859 564384 13
353939 570931 13
409616 575024 13
365058 545456 13
404782 557913 13
368724 598412 13
344096 575522 13
182618 346663 5
171461 348130 5
186536 330019 5
177241 292639 5
248683 383412 5
174057 358906 5
215243 289985 5
170688 343596 5
144502 345417 5
165689 356983 5
168443 367928 5
165158 343946 5
159711 352701 5
175781 341039 5
233480 289069 5
189029 366740 5
168573 350387 5
170271 306395 5
192775 350028 5
152054 345632 5
139299 314046 5
202053 322650 5
134695 350397 5
159654 381778 5
188093 324040 5
183236 338163 5
156984 430950 5
182751 435819 5
198908 372797 5
198517 325721 5
161345 350804 5
210497 359835 5
141993 331189 5
170788 373545 5
166449 363036 5
155479 345893 5
186380 363938 5
129332 360811 5
224225 376975 5
165945 345849 5
223550 323197 5
122755 434879 5
166584 349245 5
179472 342273 5
148749 359845 5
177505 332053 5
160222 380591 5
178869 370161 5
170002 370000 5
164354 347671 5
169966 368623 5
145867 363616 5
181561 358111 5
164915 350360 5
166973 341636 5
153181 277968 5
155505 355581 5
160835 347784 5
211265 396792 5
203254 362605 5
137967 354539 5
174064 357989 5
179609 408365 5
176506 351827 5
172879 347028 5
180506 330980 5
185966 359964 5
146070 316860 5
152957 321354 5
163190 331719 5
186914 361706 5
159191 309314 5
170425 316185 5
162040 316797 5
195000 354829 5
126702 351222 5
213064 290947 5
140612 350010 5
172885 352621 5
170155 343568 5
186806 334070 5
146072 288800 5
169293 348686 5
169502 411323 5
152861 407965 5
156041 295117 5
117585 391892 5
163981 344090 5
158664 310765 5
141113 351050 5
163796 345091 5
160369 353500 5
235671 300234 5
140876 334435 5
108232 373112 5
192460 388323 5
133744 308918 5
216209 437830 5
156945 339397 5
199859 316334 5
159496 331641 5
167845 341409 5
182435 365508 5
133795 360518 5
169628 365003 5
167262 399527 5
177728 352687 5
130683 363204 5
198197 344933 5
197735 355477 5
172020 342883 5
185561 342784 5
202011 337353 5
157394 346500 5
182050 424341 5
129664 341196 5
173188 355248 5
182499 310438 5
170384 339979 5
182093 321311 5
185696 338006 5
102221 374657 5
165881 364469 5
164875 349007 5
159120 340829 5
168274 374689 5
178495 373915 5
179811 342089 5
162606 363185 5
173908 362098 5
133580 348602 5
190634 357254 5
186503 369651 5
127134 379827 5
169145 355279 5
140121 346875 5
141860 324304 5
200251 306215 5
174373 363552 5
170022 347877 5
165657 338722 5
186361 351075 5
213022 338238 5
155228 357729 5
171614 435530 5
175586 365049 5
187858 381077 5
171074 293610 5
153738 360530 5
199043 270173 5
165886 348709 5
159428 300364 5
197463 378513 5
161273 347538 5
186082 330058 5
143732 279724 5
142899 329415 5
156977 424622 5
174878 362329 5
148915 338914 5
187324 377187 5
175766 380534 5
185071 362905 5
158550 354818 5
174672 345849 5
169880 343122 5
109090 326101 5
187854 354777 5
153903 353738 5
190241 329582 5
102983 382712 5
143117 345163 5
188985 367645 5
174834 411644 5
144228 344974 5
146821 297434 5
171848 343242 5
 94382 320888 5
154412 310120 5
176490 344679 5
170616 352610 5
 81648 360080 5
153607 379395 5
183970 355973 5
105444 361358 5
158571 361986 5
177579 319865 5
198892 322470 5
216975 296647 5
166654 350678 5
189102 333074 5
198712 303299 5
137098 384889 5
144306 328086 5
142455 343512 5
178319 318244 5
168886 353913 5
174656 393278 5
130805 354417 5
176433 350561 5
142252 329183 5
165476 377389 5
210102 333312 5
129453 321221 5
144705 375936 5
206687 342276 5
153583 352282 5
189499 356601 5
159392 351000 5
181463 326571 5
162975 335389 5
157691 334886 5
154167 353183 5
165607 362883 5
182239 333302 5
176982 354631 5
183516 374212 5
191099 341570 5
184570 360446 5
207804 354938 5
198493 326704 5
149269 341445 5
184798 392233 5
174438 319075 5
107124 325984 5
 76052 360840 5
159302 337993 5
140101 341028 5
168149 345638 5
150009 371014 5
157193 350343 5
111476 358647 5
151164 332239 5
171318 373473 5
175169 349454 5
162600 392531 5
168067 340249 5
170102 323164 5
124132 340448 5
149863 284721 5
168079 347343 5
128953 304971 5
169228 364545 5
198415 321418 5
183610 321788 5
220869 407358 5
159472 372246 5
170837 353968 5
165653 317602 5
135537 356169 5
166973 334724 5
158750 312102 5
161448 373412 5
158713 379013 5
180493 319750 5
125715 302114 5
194033 340466 5
158871 312380 5
161387 343617 5
169121 347594 5
167653 352074 5
125902 318850 5
217686 296514 5
171986 429306 5
211360 279794 5
157181 346842 5
188909 341194 5
140128 325904 5
117874 389929 5
162921 317643 5
173978 346514 5
 98533 355691 5
194956 372256 5
164847 287064 5
174410 372064 5
149092 352682 5
166323 352927 5
178515 370287 5
169337 348605 5
122986 334382 5
145282 391482 5
185919 363092 5
180519 368284 5
181227 347052 5
168284 309036 5
198251 335402 5
160922 347681 5
141861 328909 5
147911 328024 5
178264 330827 5
178235 346006 5
195151 317753 5
122360 357480 5
167330 332452 5
115363 305575 5
185661 404482 5
177858 352255 5
113068 317574 5
125675 360158 5
172842 351663 5
124724 459999 1
169069 348929 5
185253 344152 5
155625 262321 5
158201 315944 5
171277 361020 5
209553 326461 5
160165 362858 5
190725 336160 5
169994 409806 5
179463 361279 5
172662 388185 5
165284 425978 5
160206 303063 5
155690 368375 5
124516 325289 5
179326 321160 5
165573 305517 5
155508 372355 5
166799 318482 5
161780 324523 5
168805 351913 5
206519 355629 5
163091 350167 5
176144 353300 5
179483 359645 5
213951 352868 5
164046 346109 5
169569 346955 5
225356 318394 5
214966 358837 5
159253 343477 5
219779 330969 5
169876 340860 5
669118 354195 6
613682 399434 10
617399 392653 10
629247 364078 10
641070 424917 10
609532 388425 10
629369 398359 10
605911 379990 10
622550 391601 10
607905 403460 10
679465 399014 10
608711 373665 10
623498 399288 10
601212 370698 10
574989 407228 10
563517 391159 10
687717 379483 6
616040 330855 10
653024 367312 10
607440 403119 10
620240 397022 10
599215 391457 10
587478 424878 10
613921 394043 10
624328 392133 10
635887 384511 10
559877 401053 10
617755 401065 10
693265 388552 10
559933 403956 10
655859 416496 10
625919 402984 10
595215 391491 10
617493 379303 10
598657 442558 10
601644 436831 10
617118 374098 10
591051 389443 10
617296 386864 10
616468 394118 10
630384 376295 10
558770 390646 10
637332 414017 10
556780 409205 10
577473 384210 10
650054 432740 10
595063 328609 10
714443 433876 10
603566 410391 10
562356 383175 10
546166 423311 10
626539 394908 10
663820 416308 10
710910 464586 10
624310 398408 10
632546 389750 10
667249 417107 10
608309 377530 10
611357 393577 10
658219 436184 10
615032 402225 10
628131 406850 10
632390 363198 10
575116 345564 10
625784 441883 10
618893 419740 10
579564 428498 10
686324 364237 6
586242 396484 10
623248 399928 10
609219 362804 10
537211 376777 10
605310 394011 10
634973 450542 10
595411 413706 10
613037 419086 10
617444 397675 10
633304 366062 10
592620 446156 10
631633 337973 10
619637 395224 10
620330 398630 10
621964 409409 10
618446 372298 10
629789 426313 10
608687 374928 10
680646 375662 10
591831 438997 10
550086 442382 10
620330 396776 10
551236 401856 10
617178 414525 10
584938 344365 10
622636 456843 10
649987 408293 10
613719 382828 10
576987 392508 10
599766 409755 10
584077 398498 10
695514 321521 6
561388 355834 10
691600 397893 10
610676 449688 10
600114 413216 10
626811 372435 10
636291 360636 10
570384 393553 10
626700 401688 10
624106 398619 10
523329 404632 10
611954 360938 10
613536 395801 10
576488 397913 10
652745 406585 10
603193 371867 10
610026 444858 10
629725 405117 10
648429 422590 10
562772 382904 10
638823 411764 10
617764 397102 10
579922 379009 10
610698 396326 10
642607 374702 10
621629 397208 10
659321 404555 10
576235 462612 10
598628 425191 10
623502 420376 10
665965 449273 10
608923 385575 10
611579 407670 10
617573 386848 10
589862 418742 10
653325 396810 10
605073 372055 10
623137 408209 10
499262 398424 10
619339 401624 10
619295 397643 10
578878 420108 10
533577 355107 10
615934 426539 10
690195 475150 10
673514 390760 10
657120 386782 10
549945 372313 10
675858 410545 10
626586 415166 10
618449 404599 10
638783 399478 10
578113 395458 10
622557 361134 10
635324 420555 10
666135 430421 10
689725 465685 10
593601 445149 10
615094 383077 10
624599 417673 10
573969 434110 10
642881 403147 10
634383 422065 10
582389 428200 10
617330 369828 10
621989 394856 10
651828 468138 10
612936 398723 10
613351 407952 10
562777 437516 10
533212 366954 10
618113 400002 10
609344 448128 10
615342 413931 10
623989 368662 10
620187 400168 10
687638 439257 10
573925 449341 10
547270 403384 10
619318 361696 10
588432 446279 10
592924 393730 10
615325 383841 10
611875 422910 10
681941 370225 6
620818 396967 10
662154 385013 10
554938 347875 10
628655 321099 10
619628 399433 10
660333 393215 10
618391 348381 10
565829 395454 10
617689 397001 10
604554 393193 10
572417 403906 10
659193 384523 10
632060 367800 10
633894 404424 10
620610 395343 10
615175 397627 10
624293 333944 10
593689 316888 12
617319 374666 10
572244 349463 10
619239 400025 10
621622 390298 10
622101 371771 10
630205 338054 10
654147 407182 10
637594 420311 10
629004 392271 10
585207 336451 10
618349 397614 10
650157 402991 10
638966 486628 10
655201 411873 10
602335 433298 10
630706 388370 10
617428 397343 10
621537 390372 10
631365 450732 10
618406 404239 10
601390 453925 10
603945 361794 10
619427 396945 10
660103 414557 10
700340 335010 6
608182 416637 10
661166 404325 10
620939 385731 10
626371 349696 10
614683 367259 10
619332 401992 10
587453 401098 10
652349 321291 6
617954 395504 10
636807 424537 10
533889 333741 12
623386 387031 10
632952 385722 10
695010 449565 10
626843 367696 10
488205 420586 13
611547 411952 10
621241 368090 10
581240 362971 10
608747 363132 10
662177 420431 10
615665 405490 10
617447 366176 10
560393 389490 10
685785 409913 10
623433 400160 10
609091 437020 10
624343 403629 10
668879 388617 10
567105 437623 10
657450 365008 10
591955 378142 10
588952 437524 10
607665 447516 10
608601 418450 10
662830 420955 10
605891 428146 10
615239 317684 10
588933 366439 10
618053 357534 10
577773 434308 10
606558 458285 10
620955 389692 10
738190 371970 6
634661 446187 10
571692 449353 10
605650 447537 10
639502 371440 10
684568 380640 10
658735 399039 10
618157 384990 10
618869 398187 10
603388 403039 10
585255 415823 10
639507 438534 10
594112 399331 10
619475 400592 10
571570 375257 10
659297 373975 10
603285 449307 10
610199 394579 10
590500 418472 10
630904 404643 10
591725 406549 10
621560 397789 10
563182 367521 10
593879 444161 10
616054 371666 10
627679 395601 10
608195 447380 10
616737 397973 10
650120 324477 6
616926 398697 10
650859 460072 10
642157 345545 10
601369 411415 10
604703 392288 10
721905 378957 6
619415 397644 10
571043 347389 10
659191 459637 10
629978 400626 10
688487 383589 10
598053 438963 10
635242 356290 10
605899 412428 10
656642 407213 10
619924 406713 10
630067 372798 10
600007 377908 10
589164 386733 10
630491 379017 10
618676 377015 10
639613 388524 10
669409 415893 10
681608 436537 10
649968 371445 10
629000 417990 10
658884 390135 10
605407 427914 10
629891 414975 10
621778 364695 10
610722 418243 10
601599 388540 10
615649 429323 10
627206 402647 10
643965 366316 10
614877 402442 10
606486 420054 10
668482 358452 6
628715 434772 10
196462 887983 4
335970 846828 4
272394 837600 4
211165 825505 4
226433 837646 4
219686 859997 4
242087 844255 4
213558 873714 4
245144 845719 4
247997 878582 4
283576 809069 4
224676 859348 4
298214 820903 4
245468 859425 4
222704 824909 4
250921 819639 4
249209 801933 4
230591 874855 4
234091 876039 4
286769 862152 4
224789 866804 4
245023 849247 4
263626 851699 4
250198 825417 4
231263 863308 4
307605 840195 4
276635 875623 4
230399 842538 4
274070 798617 4
247939 831010 4
209922 850026 4
300726 862728 4
222727 770963 4
239505 885057 4
291561 845450 4
221122 832810 4
194258 914691 4
228928 855040 4
264627 808661 4
225916 843329 4
240221 843932 4
276600 823311 4
204854 810013 4
278326 829095 4
246047 846189 4
251032 876118 4
285258 848668 4
260943 889692 4
245928 867228 4
221002 870506 4
292872 896822 4
261896 897475 4
269723 849664 4
243941 843256 4
249370 872804 4
237120 856814 4
257472 849587 4
253703 834676 4
238080 830689 4
225991 869734 4
231781 799444 4
296892 901182 4
234604 822462 4
241473 860854 4
219864 842635 4
235901 856563 4
207217 878249 4
256949 820470 4
204597 863162 4
325275 866433 4
239344 814789 4
187894 871219 4
259973 862559 4
189752 865463 4
245707 844466 4
188480 870646 4
305915 854818 4
242443 851797 4
227138 824372 4
229970 878786 4
281971 825246 4
241166 845204 4
225846 874086 4
284077 905181 4
258975 837353 4
241972 840749 4
245602 857160 4
227363 836593 4
257926 936947 4
237689 839510 4
267799 847911 4
207552 772091 4
201567 881003 4
265125 820661 4
273165 852766 4
290210 818593 4
256487 868899 4
271395 862063 4
251958 886571 4
249253 856047 4
268289 878265 4
295375 861990 4
256316 818886 4
246470 842932 4
314666 849163 4
298979 774144 4
192885 887667 4
227819 900986 4
250003 859517 4
249857 844975 4
218369 851387 4
252586 806474 4
283017 850861 4
228095 843338 4
266980 825990 4
241381 844402 4
294053 878220 4
253339 750941 4
241413 845029 4
294326 807584 4
257856 846423 4
248210 886338 4
216846 737568 4
244743 830888 4
277055 860813 4
279923 805957 4
235041 823732 4
238524 842928 4
246453 883061 4
260590 827955 4
274554 845338 4
245254 907991 4
299821 866288 4
261120 804153 4
246729 879602 4
240308 844341 4
220620 819091 4
268926 813783 4
234219 845270 4
188424 849785 4
240171 843940 4
163766 859386 4
191257 802651 4
224852 934148 4
261093 844962 4
228711 848090 4
183478 851724 4
201080 823689 4
118590 857150 4
264798 767716 4
313609 860065 4
232246 844226 4
237757 834092 4
222682 806314 4
243331 844022 4
197362 870337 4
229857 843917 4
244257 776516 4
224083 852922 4
309399 838744 4
271205 817620 4
242247 864253 4
235337 831592 4
232357 810798 4
252199 828023 4
267049 950249 4
245678 821691 4
241138 844374 4
246182 840370 4
264175 824349 4
266977 887963 4
274685 883097 4
244260 847060 4
256073 917590 4
258416 835432 4
241687 844256 4
282603 846165 4
228032 893055 4
226949 889283 4
264274 813041 4
139601 914203 4
229131 842806 4
236274 861302 4
261819 863523 4
200005 825237 4
310591 841778 4
244049 817710 4
235022 911236 4
256512 837094 4
236495 861569 4
256889 880721 4
258528 856273 4
233284 860085 4
257480 849037 4
269354 811847 4
222445 891438 4
222356 840843 4
236207 886769 4
174371 864697 4
159683 838958 4
237750 837381 4
241545 838673 4
256082 831969 4
246468 838071 4
205919 844377 4
266111 813259 4
244246 847589 4
244899 812192 4
219316 898830 4
251866 864044 4
238308 790723 4
209264 836661 4
242519 845811 4
351883 890475 4
278929 842054 4
244027 850132 4
248570 843156 4
224681 858432 4
210276 824826 4
220884 916718 4
240846 841609 4
257093 801567 4
236749 813868 4
332237 911313 4
288954 846991 4
238084 844799 4
236431 844100 4
299772 828655 4
241633 846949 4
230107 858332 4
256216 903741 4
258135 880184 4
232331 872896 4
183583 787453 4
264293 890923 4
213208 833959 4
224288 931476 4
261622 869706 4
297183 841456 4
241849 815141 4
308616 811021 4
220931 876605 4
289719 866638 4
233931 838374 4
224694 848663 4
240645 855514 4
229567 855332 4
247613 815836 4
239387 847822 4
257788 880587 4
245532 846331 4
224241 828996 4
227582 856861 4
244618 845420 4
213775 841758 4
243511 830743 4
244799 841688 4
216061 848623 4
294492 832336 4
248931 844960 4
267478 894783 4
228715 837572 4
269483 848608 4
248276 844455 4
236987 881080 4
223732 826580 4
230149 886583 4
265299 859533 4
181803 799487 4
247210 859012 4
261633 773355 4
262370 891499 4
250394 847577 4
222019 839774 4
238328 770068 4
208941 860169 4
238714 858826 4
241005 825301 4
270742 847836 4
238492 833394 4
312726 853829 4
286663 846902 4
261796 819395 4
253890 807676 4
242415 844335 4
134134 842630 4
163956 833732 4
250359 849451 4
295357 842293 4
218942 848326 4
205466 778884 4
253899 862843 4
244966 841126 4
208494 850615 4
221126 837878 4
271093 861412 4
216543 842952 4
255185 825960 4
251070 877802 4
264565 859237 4
228611 836717 4
228517 837056 4
198583 860431 4
215976 836025 4
254411 848090 4
168036 807011 4
292194 906490 4
243951 865415 4
260922 785987 4
245740 814541 4
317675 838127 4
274505 864723 4
230049 865536 4
235084 818866 4
172690 847721 4
221706 875060 4
236740 853169 4
298800 824277 4
265246 889333 4
219498 851932 4
247484 846372 4
288675 919879 4
229280 813483 4
282622 879222 4
307300 836132 4
238260 882489 4
219049 825171 4
219321 848396 4
240028 849354 4
212009 864463 4
246857 852483 4
245118 811283 4
247855 794626 4
253655 821946 4
241475 850889 4
210162 860529 4
204922 854068 4
225567 853078 4
245258 799882 4
257134 845851 4
187314 815820 4
294275 174786 2
329428  66056 2
325938 164475 2
253129 154296 2
319838 170383 2
240213 118409 2
283784 178305 2
376613 159699 2
338717 181582 2
304283 183656 2
314519 146787 2
270899 175377 2
291228 101272 2
291170 110147 2
321522 163852 2
202627 179376 2
307913  91419 2
311093 169734 2
321775 164846 2
294832 124284 2
295537  91032 2
383044 180418 2
338570 192256 2
337894 175289 2
359796 165920 2
316263 163806 2
320972 170417 2
277860 111893 2
367806 123963 2
359352 162962 2
350964 149159 2
332201 181702 2
287966 150135 2
346942 152780 2
232784 169847 2
292492  99170 2
334529 166765 2
363208 238649 2
196795 190277 2
353333 113156 2
373191  88470 7
333789 151168 2
339732 163158 2
321822 187102 2
276792 141848 2
308044 164482 2
311328 159477 2
383052  89061 7
316820 150304 2
314479 178821 2
310824 144943 2
333143 200298 2
300672 175844 2
339482 151261 2
319208 164182 2
321645 164662 2
308763 166511 2
308066 145825 2
360143 155270 2
348893 195430 2
319283 158983 2
332284 194186 2
292402 184441 2
361227 221878 2
313573 109221 2
310693 154278 2
344482 215846 2
358652 186358 2
330533 214555 2
320400 160020 2
267662 127175 2
396583  82842 7
292193 125417 2
324121  96346 2
321344 166633 2
234837 151054 2
368060  76739 7
347050 150472 2
245783 109229 2
400550 144359 7
343217 153037 2
315488 160339 2
347406 155708 2
336845 172750 2
357014 148222 2
331862 169092 2
322140 165212 2
363075 162238 2
318738 182134 2
346717 178180 2
311819 140674 2
332032 157725 2
301983 173386 2
321556 163352 2
315830 102777 2
312275 145173 2
325861 203058 2
360703 150999 2
345976 148333 2
320210 191459 2
318665 158107 2
425563 163524 7
264427 188193 2
348177 179526 2
265430 151883 2
320718 158610 2
380609 185976 2
345234 188822 2
362027 150348 2
300294 178772 2
315963 174031 2
333787 189423 2
337343 156614 2
334812 137431 2
347492 153416 2
324518 167369 2
353991 193997 2
274321 219665 2
335476 183897 2
300021 159185 2
384591 137729 7
320000 162605 2
268938 211870 2
366146 196571 2
356280 185198 2
325767 164095 2
350480 214608 2
314791 163370 2
302582 134124 2
328851 147002 2
347039 195468 2
289531 145743 2
343018 239960 2
271123 163465 2
326959 154655 2
332307 189590 2
310529 141617 2
380281 205779 2
411606 137378 7
348191 165419 2
305292 175260 2
256120 141529 2
390934 170420 7
358562 112650 2
355499 224982 2
363437  77975 7
232043 177614 2
246753 175170 2
327204 152871 2
371685 151612 2
291723 177824 2
324488 180658 2
340048 131847 2
295311 115000 2
239495 163949 2
267521 119941 2
401396 125431 7
260930 184935 2
336085 170252 2
291782 159562 2
307616 207295 2
352910 145624 2
294653 104623 2
372883 222824 2
318707 160697 2
281548 175184 2
307747 128551 2
336991 217448 2
270233 195701 2
433100 134861 7
311433 134432 2
375353 117180 7
315146 160782 2
311163 166821 2
305333 171939 2
332470 161202 2
302266 185591 2
370775 144355 2
314552 151035 2
343145 172236 2
331212 162496 2
299460 144708 2
383894 179880 2
345703 149860 2
331381 162660 2
344364 213940 2
378347 144880 7
322789 137560 2
328425 159826 2
341137  78287 2
317771 154916 2
336266 148507 2
342066 119083 2
297177  88467 2
280519 165350 2
305901 166656 2
284757 175853 2
281732 221764 2
321262 178491 2
344710 213543 2
311408 168232 2
356500 188114 2
304376 222294 2
278116 185472 2
247892 115217 2
306326 164202 2
311516  94189 2
323747 163351 2
321778 158339 2
309501 166931 2
333942 143344 2
339393 209145 2
340996 170964 2
315333 144566 2
332853 168141 2
290958 168323 2
297731 175876 2
280274 182662 2
306540 193434 2
319155 159850 2
355168 114823 2
270201 236813 2
347630 120931 2
446538 180119 7
371052 147369 2
403365 215735 7
258201 153095 2
335121 214149 2
283786 133973 2
353951 133923 2
345069 165968 2
367079 183232 2
363932 228249 2
354132 161850 2
390538 157197 7
333805 148479 2
325344 159885 2
323905 168029 2
274495 182470 2
309684 150076 2
381617 157000 7
322841 169735 2
359520 132845 2
249616 144446 2
321620 169950 2
415495 116126 7
335742 196692 2
271424 251323 2
340066 152500 2
327734 163585 2
346079 220993 2
276741 143844 2
377042 182019 2
400055 131725 7
332246 172932 2
310386 171068 2
327569 158418 2
324444 166910 2
317217 163896 2
270404 183080 2
277512 151920 2
324966 170021 2
306421 145493 2
382419 110392 7
318266 171979 2
321245 141627 2
318192 170844 2
320821 165455 2
329029 204399 2
311065 219934 2
287127 192494 2
283571 109326 2
308748 199866 2
369490 164369 2
270729  67329 2
279010 181792 2
282957 179982 2
308489 145929 2
327927 168535 2
327022 161396 2
376557 109320 7
248427 146381 2
321182 150806 2
312337 154488 2
268518 181514 2
285865 167818 2
279251 184486 2
306042  66361 2
318215 180010 2
293978 197091 2
338044 233264 2
293864 241877 2
344380 183817 2
316257 171544 2
248779 111087 2
313783 177198 2
415534 110526 7
296164  96874 2
315670 160928 2
339137 160334 2
290700 196285 2
307107 174760 2
325279 168587 2
328423 161604 2
333883 276840 2
308555 134011 2
322101 164171 2
306357 123397 2
292931 125341 2
284378 223470 2
335003 151395 2
267212 158699 2
343851 193618 2
296627  93375 2
334980 143900 2
335235 180161 2
360945 167952 2
257841 193878 2
275288 212315 2
331798 143962 2
333937  51121 2
328775 156501 2
319829 168353 2
293201 192871 2
327608 177638 2
332562 174699 2
348815 150017 2
312227 159417 2
324337 162686 2
323329  93955 2
291973 127483 2
258779 106777 2
325360 134919 2
267264 153034 2
312421 170617 2
293350 175997 2
275459 190178 2
244344 185382 2
252845 181181 2
357923 192120 2
382720 263255 2
326040 156509 2
165104 543395 1
139903 592241 1
132705 557674 1
114311 601605 1
102460 533057 1
185935 554627 1
123441 594415 1
 97216 564094 1
110948 539533 1
101553 517715 1
133023 574572 1
144570 573936 1
136531 557658 1
173576 507309 1
179189 536028 1
141238 557986 1
156430 615117 1
 69169 631490 1
 31842 565765 1
144620 575370 1
155899 561715 1
137451 555339 1
 68388 574380 1
166290 521714 1
210499 526471 1
148319 584541 1
135336 552552 1
136606 562296 1
136301 569544 1
119386 620549 1
139212 557713 1
 84501 604671 1
176602 574552 1
105945 528795 1
140989 537156 1
138449 555969 1
128669 574591 1
 95749 602775 1
139460 557260 1
130440 562623 1
147885 527813 1
 58190 608304 1
151701 574146 1
148385 538149 1
142668 544976 1
145251 553486 1
142265 546135 1
202913 525966 1
192564 547558 1
179240 577011 1
182840 584262 1
144242 557674 1
135849 550612 1
101427 615890 1
143265 548387 1
112379 547679 1
137347 622867 1
139146 569516 1
125756 579609 1
 77109 512651 1
138073 556272 1
202547 601240 1
 19835 570290 1
118137 579149 1
201324 574588 1
113259 568684 1
139052 610320 1
177246 571940 1
107972 601191 1
138199 541774 1
220156 589643 1
137787 566189 1
138122 557230 1
 93136 613387 1
154620 576738 1
131523 568207 1
136967 565662 1
142886 556511 1
125005 540340 1
138965 558201 1
139474 569485 1
171471 576787 1
157138 565993 1
198294 552987 1
136078 547418 1
140164 531093 1
156003 502860 1
 67867 545392 1
133780 533275 1
116142 550919 1
148510 579793 1
179224 584189 1
149906 546909 1
 29760 557873 1
115287 602637 1
206561 574789 1
108651 521409 1
115905 560139 1
127373 549518 1
141699 530028 1
141641 557376 1
111855 531542 1
136580 553967 1
137516 556818 1
179793 483378 1
105568 584102 1
125840 520239 1
117212 565692 1
140717 554093 1
139033 593287 1
172882 571145 1
104862 608089 1
158366 537970 1
138525 534268 1
 69565 599820 1
 94571 528963 1
153185 562792 1
147599 513563 1
223226 546198 1
143879 536650 1
151099 518008 1
109317 531425 1
127202 525948 1
137740 618961 1
138734 557713 1
109912 565003 1
158060 525533 1
260096 530550 13
134449 557556 1
121650 599844 1
188992 563992 1
207218 589497 1
179830 547383 1
152331 529689 1
112184 530469 1
166904 503121 1
183026 545377 1
152658 569277 1
172116 513383 1
 95899 530846 1
144325 538991 1
166597 572855 1
105193 596017 1
166840 562425 1
117089 561455 1
141718 549576 1
117959 536156 1
125351 529954 1
140706 547367 1
138012 558263 1
135284 555664 1
142663 556520 1
112673 516997 1
137657 611252 1
119237 591137 1
186380 487625 1
113099 546732 1
176278 550602 1
158773 588778 1
140962 518168 1
144856 551807 1
155943 576199 1
152584 564548 1
165356 570715 1
127858 609681 1
257984 555707 1
149758 564768 1
129550 560106 1
159271 568953 1
151374 538387 1
129030 588495 1
155430 549012 1
172756 612694 1
 93459 514032 1
 99569 523174 1
148080 544056 1
169322 577938 1
173847 514665 1
136418 562926 1
140047 540043 1
 74519 527539 1
146681 562995 1
110877 562558 1
 95071 503965 1
136232 576477 1
146120 576624 1
259173 548593 1
107965 535173 1
103153 601002 1
158283 570550 1
206219 604081 1
116492 509399 1
 97430 598804 1
193275 538687 1
116860 550810 1
179834 541387 1
143226 522375 1
111174 539350 1
 94933 588147 1
139434 557410 1
131532 536658 1
 38179 532155 1
113321 606322 1
123905 508486 1
201753 569116 1
206660 575002 1
138884 529162 1
139636 565984 1
110479 594587 1
 76253 529394 1
160280 493497 1
161475 587507 1
149054 556986 1
223408 520131 1
158596 562634 1
141991 539522 1
137172 523482 1
161154 538355 1
130157 581286 1
142000 554964 1
 86243 559135 1
130883 557824 1
127964 538935 1
122130 568886 1
210597 589836 1
139847 552015 1
147664 559632 1
167716 562762 1
130657 555545 1
165382 518876 1
221994 575146 1
 87236 607429 1
154268 542573 1
197367 535989 1
133094 557996 1
155274 552551 1
139911 561185 1
146924 565933 1
146183 622188 1
176092 531921 1
184402 546549 1
139641 557503 1
170816 547069 1
156474 570384 1
146678 558942 1
136569 532130 1
162124 500069 1
127503 623654 1
182854 534283 1
141222 572556 1
177665 557923 1
201907 516078 1
130249 579307 1
166560 559687 1
138220 560056 1
134725 537440 1
127940 590467 1
143592 606949 1
 64979 538104 1
 94061 576129 1
 79285 554817 1
103192 550021 1
198823 538624 1
145758 562414 1
211584 591058 1
139451 549580 1
220224 592068 1
150404 539885 1
142767 538646 1
143912 595772 1
184412 537050 1
 55359 623076 1
137197 556522 1
138461 558771 1
 80673 566893 1
203667 577260 1
 94249 600812 1
145244 561042 1
 94458 533883 1
130201 562734 1
 98675 580608 1
134422 544300 1
141771 551655 1
141924 558399 1
137316 562151 1
143363 551365 1
197849 575524 1
134261 519275 1
129997 568115 1
170494 560892 1
164453 544085 1
128788 546091 1
 88703 577217 1
131109 568012 1
 95074 570002 1
232047 522748 1
125548 552424 1
142563 560090 1
118391 553625 1
132497 593125 1
162713 586568 1
122296 566921 1
 56907 586609 1
 48143 523870 1
104489 542515 1
130582 565948 1
180633 570302 1
241485 523039 1
178005 594957 1
211266 534538 1
137680 555667 1
144401 565666 1
101722 535117 1
115781 594942 1
107160 530936 1
139978 587153 1
179931 536588 1
105353 589239 1
119496 543146 1
142575 517378 1
 76661 531044 1
137699 556769 1
154964 554923 1
142516 559062 1
 98525 579761 1
163925 576666 1
153326 558408 1
262846 559590 1
102898 592834 1
138349 554238 1
193502 557364 1
202175 495076 1
154162 536416 1
 77875 516899 1
163477 561507 1
131874 552586 1
120357 560737 1
119535 551857 1
114108 540537 1
136059 558213 1
121786 564225 1
233105 591646 1
149760 577278 1
139237 548782 1
 34795 606311 1
147663 555514 1
108512 525986 1
509279 180548 12
495165 163113 12
474652 193224 12
507786 199578 12
566666 195255 12
506012 178372 12
541435 206637 12
507311 177795 12
461701 188438 12
506069 169723 12
477155 161019 12
505044 180646 12
467697 168082 12
511868 170991 12
500225 177559 12
460616 174810 12
573755 218049 12
543616 144788 12
509804 175714 12
542311 161882 12
475944 189337 12
517750 199025 12
520952 169184 12
559076 190770 12
416763  96639 7
549384 208450 12
549147 171454 12
520880 200955 12
484348 202813 12
487472 166999 12
504728 174541 12
465734 114090 7
570266 188032 12
505584 176135 12
514739 189624 12
500589 181466 12
504096 192493 12
553118 165472 12
502511 205121 12
551798 221411 12
502737 174437 12
513181 177419 12
513010 141058 12
535564 177248 12
514551 176526 12
450030 169537 7
521152 152439 12
505512 203857 12
509928 184873 12
490271 216725 12
529931 180136 12
508228 220433 12
534461 178056 12
508551 174306 12
545365 210090 12
510414 142485 12
507895 177445 12
506288 177990 12
512560 224816 12
454160 102568 7
437116 148591 7
519003 160741 12
509173 178051 12
507674 147431 12
513562 229098 12
473361 185066 12
517580 170329 12
509285 174620 12
510496 174308 12
438860 114065 7
534702 244239 12
504755 150226 12
474135 199330 12
508907 173787 12
509651 149290 12
490956 124550 7
499637 194036 12
515856 148316 12
482568 159010 12
522728 184704 12
493070 189771 12
483807 198925 12
469656 153741 7
470041 102049 7
576965 187481 12
515230 149567 12
469470 189347 12
484678 123623 7
509554 186931 12
480787 147737 12
523036 123677 12
508144 167733 12
515450 173220 12
489378 172861 12
497406 125809 12
514173 139330 12
520809 176718 12
499009 205823 12
509773 148899 12
505117 141877 12
494698 176711 12
501334 163002 12
502500 176532 12
546565 151576 12
520878 209094 12
486891 175164 12
512241 169240 12
569692 182365 12
491382 122267 7
457033 127590 7
535453 200970 12
436641  55171 7
520845 176291 12
496130 178113 12
507473 227670 12
507092 175151 12
493714 173387 12
528826 154067 12
509951 176794 12
505400 160422 12
473316 162622 12
489504 146224 12
516888 152451 12
505128 175022 12
520819 181586 12
506812 167031 12
495032 203929 12
508789 174256 12
502302 210265 12
511106 122518 12
486997 164803 12
535787 199735 12
540364 163758 12
496006 191010 12
497454 172375 12
488330 173837 12
547076 156969 12
509956 141698 12
516084 178725 12
535034 172649 12
529858 213114 12
496384 166644 12
519201 139101 12
575022 213534 12
469404 181944 12
464672 193513 12
491609 180519 12
470314 178936 12
481067 172555 12
508797 176269 12
491145 206344 12
485361 169229 12
474527 107596 7
499643 171625 12
514722 190943 12
474641  81263 7
495995 160032 12
516963 174184 12
521006 163218 12
434581 123267 7
514876 182995 12
501416 172980 12
513991 165072 12
512900 219252 12
510739 121103 12
509522 174376 12
507862 172954 12
512716 181316 12
483423 111797 7
505603 147517 12
482628 171320 12
541790 172616 12
473649 178184 12
520763 250478 12
494000 189403 12
533931 173291 12
485110 150541 12
528679 199079 12
545699 174099 12
517495 186329 12
520461 173217 12
456821 105575 7
495388 156422 12
514934 219169 12
508989 168995 12
500474 169746 12
504511 149234 12
467144 147308 7
512733 174091 12
452791 156805 7
488800 197919 12
593887 210595 12
561725 168220 12
528011 201615 12
514428 222503 12
512051 145220 12
472054 129986 7
507959 166780 12
518068 137556 12
561110 219865 12
563315 215613 12
523779 163905 12
490037 164357 12
519421 154681 12
504373 165819 12
513957 139202 12
486422 178919 12
533351 147778 12
511030 221292 12
496069 102201 7
496491 171534 12
497254 171940 12
518892 165875 12
481083 151953 12
507741 178883 12
486224 196184 12
509039 173839 12
462658  75167 7
519680 208378 12
499676 196897 12
480876 160465 12
521032 177084 12
486034 196122 12
505225 158750 12
485968 123023 7
478442 125560 7
502355 164119 12
502915 183059 12
497211 174121 12
537174 194410 12
505293 194591 12
491442 116195 7
473202 140745 7
505079 219082 12
541455 223176 12
528938 174372 12
528094 178343 12
520759 184923 12
538994 179328 12
507832 181513 12
493897 189627 12
514408 173338 12
514391 156592 12
513362 223841 12
443618 157237 7
477746 163845 12
480571 204150 12
486326 174643 12
505384 174535 12
541220 177840 12
522869 176818 12
497255 188783 12
545240 221008 12
512291 169608 12
576158 210283 12
508099 175066 12
545455 182232 12
537836 177165 12
508597 173640 12
507445 193647 12
524397 239456 12
527753 213985 12
528766 239937 12
481356 162127 12
541498 192746 12
506142 170513 12
494574 198972 12
477901 173288 12
509223 177592 12
532010 176195 12
541006 175198 12
490355 153464 12
566524 179796 12
550216 184337 12
516085 195504 12
523796 219588 12
511118 175212 12
445043 152257 7
497582 190801 12
514622 206979 12
479631 178459 12
496476 140337 12
498389 178069 12
506361 225237 12
519396 177174 12
529409 157228 12
501111 157402 12
514219 167014 12
558307 203307 12
545957 196749 12
508080 175697 12
589900 217899 12
509383 167302 12
474516 189144 12
498730 183037 12
473093 188791 12
471328 176297 12
510901 175806 12
559809 162597 12
499272 168413 12
514981 172608 12
511289 183247 12
455460 153040 7
519962 175210 12
532549 172894 12
516128 178722 12
519113 194925 12
502877 192740 12
520782 134308 12
574369 207483 12
515494 188459 12
486870 146947 12
484395 107291 7
504243 237336 12
483776 213021 12
536623 213083 12
544539 180391 12
502002 166223 12
500801 185558 12
525670 184762 12
481841 209337 12
494317 170837 12
521153 242968 12
473933 191767 12
524502 248106 12
487952 168607 12
460133 173081 7
453261 148432 7
491792 214464 12
497815 165151 12
515348 184750 12
598908 254032 12
558478 213316 12
538228 168834 12
464634 173867 12
518675 175686 12
533566 214619 12
540196 180312 12
500360 213540 12
517882 175467 12
549642 157506 12
511368 173673 12
506815 173387 12
500192 192292 12
533775 163036 12
511484 160453 12
489062 200329 12
537514 179689 12
551867 170425 12
406184 394506 13
417996 408162 13
428667 451233 13
425386 379634 13
388202 405780 13
370955 325071 13
353749 391896 13
398629 401626 13
393402 401018 13
465599 383470 13
400257 404936 13
444610 400247 13
392046 391220 13
410506 395586 13
508805 429073 10
424782 449687 13
384467 407359 13
397399 403186 13
449683 388863 13
387756 435588 13
451753 383440 13
414448 429790 13
394599 409068 13
387330 409037 13
402109 430185 13
393825 453067 13
412111 418466 13
397213 377839 13
361159 436327 13
383075 447616 13
383832 340506 13
402227 414685 13
411957 397796 13
377408 395123 13
417231 381303 13
442915 420573 13
415394 396940 13
420792 430901 13
397791 444527 13
385804 393101 13
384572 388523 13
402069 434868 13
414997 432597 13
392919 405103 13
396150 430329 13
439145 407748 13
401240 354085 13
424228 442208 13
336023 416862 13
351352 362910 13
413549 408517 13
341775 425156 13
424811 413300 13
402677 412615 13
419118 421655 13
354601 358760 13
410682 349328 13
399020 404042 13
392258 405478 13
353941 399967 13
411471 446824 13
397158 370362 13
431117 394746 13
395246 392783 13
400468 405703 13
354094 424230 13
352429 359750 13
358830 431609 13
387039 365758 13
395013 387179 13
400545 404212 13
435067 403802 13
394436 450912 13
376444 371957 13
433463 410297 13
426625 475977 13
424241 452915 13
396520 405610 13
347638 429109 13
374797 407601 13
451670 388347 13
373684 418326 13
412615 403902 13
392428 402295 13
389868 410718 13
383022 409854 13
468350 395883 13
373339 398565 13
383878 376230 13
434815 388041 13
368864 411216 13
321050 422497 13
276794 384458 5
383197 409869 13
381340 409680 13
415521 368125 13
404288 349685 13
367922 415238 13
422056 382193 13
407334 445969 13
373917 427628 13
422261 374345 13
392728 411341 13
336585 420977 13
401730 354294 13
401854 402867 13
401330 395538 13
393903 387227 13
399188 402459 13
389510 370897 13
399858 403574 13
343651 438750 13
388743 388465 13
398246 406245 13
400727 396769 13
399077 403968 13
402071 427626 13
405902 394724 13
383992 398245 13
372230 412488 13
418086 394699 13
400305 466024 13
380458 329635 13
338347 337961 13
411171 426853 13
392447 408539 13
375233 399429 13
385338 440797 13
397764 406712 13
414290 393146 13
394846 407130 13
402252 414628 13
332913 385678 13
396517 394572 13
388479 343648 13
405569 411933 13
444816 409502 13
393659 439272 13
415222 434798 13
396621 381952 13
416893 347737 13
398980 407667 13
404273 429948 13
397851 400846 13
447192 359893 13
350428 392503 13
451853 420873 13
402566 415798 13
362753 369848 13
407188 396576 13
380139 434251 13
409167 449719 13
405470 392374 13
359036 365793 13
398617 402424 13
408714 391412 13
382222 441817 13
403751 385539 13
400548 402390 13
393828 404314 13
373943 376926 13
390182 360941 13
391776 409868 13
342501 336320 13
401923 417123 13
342400 426090 13
405325 407466 13
369480 377148 13
416110 374296 13
401162 412142 13
442931 430123 13
478361 409520 13
401313 405195 13
357466 354094 13
417617 414816 13
417281 410881 13
470047 410943 13
378824 430343 13
369227 397853 13
397918 462032 13
397331 407010 13
427810 400178 13
401708 409924 13
426172 363147 13
401411 414503 13
409823 412908 13
386068 422517 13
398255 405428 13
346358 384801 13
397735 448097 13
348847 425164 13
394761 461494 13
357253 388075 13
402267 410395 13
415233 441297 13
404445 402466 13
408224 399767 13
369044 371649 13
343119 382074 13
416750 435776 13
387103 401925 13
368200 364844 13
393758 439738 13
418623 404382 13
402660 406054 13
427749 457110 13
405356 391545 13
432184 395118 13
322936 368566 13
402710 424367 13
456025 389630 13
395450 407822 13
377941 403683 13
407576 434017 13
348263 386451 13
391966 387214 13
392576 406460 13
380236 460907 13
398153 407081 13
399942 385908 13
398795 472619 13
467535 416014 13
377758 413906 13
398724 404179 13
396710 378698 13
377588 402670 13
408992 462226 13
423371 373970 13
412861 434751 13
403160 392159 13
395168 404189 13
399346 423786 13
409244 460295 13
429515 393708 13
370602 353215 13
356739 417826 13
408147 436628 13
436362 379677 13
399291 386712 13
396081 396707 13
419200 403389 13
383855 390984 13
370252 347498 13
460198 402706 13
418046 358461 13
408500 393942 13
397618 404912 13
392660 395873 13
406739 400918 13
439048 403700 13
392424 375266 13
379128 418858 13
391970 419802 13
389279 424006 13
468907 448885 13
410601 410653 13
396556 406492 13
417795 405673 13
375971 427549 13
414374 439977 13
368363 409733 13
402081 407514 13
399753 404222 13
424840 479570 13
381863 416651 13
394606 401451 13
389520 406500 13
418140 415328 13
387461 394402 13
391384 413273 13
391439 399819 13
365223 422531 13
407189 437102 13
415933 422485 13
402031 426039 13
428513 456990 13
382396 405483 13
368166 429422 13
418636 440000 13
411674 402377 13
424365 371987 13
394159 411676 13
371548 414612 13
460628 434107 13
399717 403257 13
361875 448199 13
393424 399084 13
333682 401078 13
377870 377550 13
405117 364266 13
452398 378671 13
397889 398501 13
424089 352640 13
417494 392231 13
402851 395579 13
376493 366302 13
460684 371809 13
449571 387141 13
405322 414743 13
420489 448078 13
377975 461076 13
492551 434649 10
477323 384551 13
359740 379592 13
429653 438596 13
361814 411086 13
400660 404811 13
410418 409414 13
392162 355397 13
376145 414107 13
371464 328177 13
379593 380662 13
448231 384406 13
404157 406324 13
420616 401526 13
398985 413427 13
400538 407020 13
391530 398743 13
408182 408351 13
435926 408504 13
411090 435389 13
398311 383357 13
409291 431539 13
399460 399410 13
400473 408327 13
399693 395271 13
431437 436764 13
312123 419763 13
411053 432808 13
401616 404245 13
364455 436191 13
407833 402474 13
367864 442851 13
437870 375761 13
308726 371721 13
418996 389541 13
371498 393120 13
407429 399155 13
380749 403860 13
399997 411205 13
377215 418429 13
380202 396671 13
436034 385951 13
395210 357805 13
415136 446807 13
315013 318367 5
372424 413163 13
340966 420480 13
354767 417464 13
387165 404027 13
854654 549222 9
889260 541423 9
870826 524625 9
868025 569296 9
861364 598127 9
825141 535997 9
906640 587296 9
906396 535803 9
887896 558572 9
817776 525600 9
844066 546029 9
848976 558706 9
897131 604582 9
845120 549830 9
872241 556733 9
857818 534525 9
794265 594573 9
857126 548151 9
842786 614034 9
889975 589361 9
841130 529745 9
813561 583156 9
855603 542414 9
887556 531797 9
837032 509264 9
852037 649724 14
793791 581315 9
904450 533427 9
879722 550246 9
839088 528460 9
869369 536868 9
871873 509094 9
900991 497149 9
919544 541255 9
860520 544023 9
863042 557890 9
889805 522039 9
879031 489881 9
852918 552112 9
903840 586229 9
932662 537069 9
908506 549611 9
867533 542290 9
844617 499013 9
862002 534006 9
883981 607581 9
864265 549505 9
883062 547498 9
860870 546516 9
895565 501871 9
843344 604964 9
864059 545894 9
830888 544022 9
858819 544904 9
853562 531620 9
873791 606643 9
859213 538040 9
841843 503359 9
842719 506205 9
847904 574114 9
863859 546898 9
888919 535805 9
855045 547633 9
863102 545783 9
829747 530312 9
850607 565348 9
810277 520837 9
879104 595389 9
840406 538772 9
838367 536676 9
837457 518745 9
861519 531277 9
816056 542574 9
862534 547936 9
808555 600511 9
862571 550965 9
832010 554080 9
882403 534710 9
840020 568424 9
865030 541150 9
846594 522941 9
890223 556874 9
873136 513309 9
846622 553552 9
905770 531812 9
803216 577565 9
914183 620056 9
877510 555087 9
861193 573954 9
840994 578455 9
875640 561262 9
876782 536438 9
849501 552769 9
866973 550375 9
906382 534459 9
822722 553764 9
861656 545794 9
856991 546255 9
865081 551012 9
895680 609341 9
867801 548156 9
846324 557586 9
840059 534876 9
860473 545982 9
937823 540173 9
886532 500026 9
904133 534915 9
880545 506175 9
833499 504718 9
854979 539793 9
818739 545052 9
825596 639465 14
838036 542999 9
846216 528037 9
850790 525740 9
864040 538985 9
869818 543227 9
879309 561548 9
860563 534839 9
846082 541026 9
860151 543055 9
847292 559228 9
838239 576018 9
837307 548214 9
853093 586321 9
884326 479802 9
838978 622330 9
842903 567914 9
832490 450680 9
844948 563321 9
859577 544625 9
908409 591215 9
819843 570485 9
875625 599766 9
887780 536497 9
884613 507507 9
849858 524682 9
846741 539481 9
870630 516603 9
843111 581603 9
869718 536928 9
857648 511640 9
881571 532467 9
860230 528054 9
861966 562885 9
898736 548642 9
961951 577029 9
866878 501919 9
874791 559085 9
874239 594786 9
915504 527751 9
758172 608152 9
859515 505303 9
861033 507671 9
837880 444574 9
827672 545966 9
869960 562146 9
858151 548242 9
877440 529137 9
821835 564313 9
846371 578530 9
829482 475863 9
860507 526669 9
878696 530134 9
837312 572687 9
886773 509047 9
879805 547494 9
859679 541785 9
910683 612854 9
860863 546060 9
874110 541972 9
790149 565157 9
873984 580836 9
873742 448214 9
894785 440382 9
874312 574582 9
879902 518647 9
851462 526597 9
839012 550376 9
808097 502521 9
879500 590791 9
864721 548447 9
866044 584750 9
876151 582116 9
819250 517655 9
807278 566392 9
872033 558924 9
894268 532597 9
846752 613846 9
850478 566230 9
849777 531138 9
823584 568458 9
823202 619103 9
843715 568319 9
861023 545953 9
889743 560547 9
862785 579661 9
880833 537039 9
854374 550707 9
842616 515205 9
860721 547751 9
831024 505776 9
829240 591428 9
860384 555572 9
853348 525893 9
849118 571562 9
856167 542249 9
853874 560250 9
838808 524944 9
814561 575281 9
773292 531652 9
891515 520429 9
805884 549492 9
833437 556713 9
843432 490725 9
791355 529644 9
865157 562132 9
920249 551171 9
808777 512952 9
898916 630099 9
863706 491401 9
857231 551055 9
877413 541536 9
838821 563842 9
854037 528890 9
824475 518063 9
857360 562228 9
856437 532452 9
862117 600081 9
839280 539324 9
885379 603686 9
859185 553000 9
865020 550686 9
882007 593653 9
861027 546004 9
846772 509036 9
844627 556401 9
861069 548327 9
854342 541611 9
844086 531300 9
923996 594948 9
832154 559403 9
803202 549001 9
856619 544008 9
897286 558004 9
851216 516166 9
858537 548576 9
828001 524067 9
849327 548496 9
858278 544519 9
793875 473793 9
766617 548142 9
847728 576707 9
858418 546935 9
816840 539239 9
852687 540692 9
861927 562723 9
892382 513991 9
811745 461099 9
800152 576217 9
870139 566584 9
859492 572224 9
830226 483466 9
850674 533083 9
834632 541216 9
899052 526048 9
925485 596955 9
893145 551400 9
839493 521150 9
883434 581923 9
873380 495161 9
765011 607246 9
898578 612291 9
906772 510158 9
858325 586062 9
795909 462864 9
812634 554848 9
846841 533595 9
810817 509540 9
826192 577784 9
856552 545271 9
848628 503773 9
784291 581417 9
890613 567037 9
870936 575427 9
851166 532382 9
871544 592403 9
870337 534303 9
819580 545900 9
912649 498734 9
870214 556246 9
853279 560714 9
857319 543529 9
878519 606677 9
858057 542933 9
860375 544804 9
888111 525539 9
892877 544283 9
788776 582930 9
875311 542259 9
875248 462524 9
835831 555864 9
885828 586348 9
916704 609548 9
893991 544467 9
866352 535933 9
872247 494281 9
832372 600070 9
902302 514170 9
877298 565604 9
873636 510687 9
854818 554389 9
915666 506439 9
905849 524809 9
862062 545736 9
871981 649086 14
900829 590250 9
859419 546754 9
855983 534803 9
916082 517633 9
874877 535143 9
885963 528959 9
853439 518568 9
855177 626376 9
814249 488483 9
857283 548467 9
865489 548920 9
913686 576892 9
880275 564545 9
861381 546835 9
880958 588608 9
868979 528502 9
872237 555834 9
861868 549168 9
836951 546244 9
836874 555991 9
769546 554722 9
855074 542557 9
868128 568529 9
878859 540155 9
852267 498220 9
874125 543036 9
846646 548548 9
851517 541076 9
806888 492319 9
831779 577161 9
860259 545444 9
892423 530999 9
838442 506780 9
853291 557685 9
730887 825972 3
645233 927201 3
645563 819480 3
573324 878802 3
693699 822637 3
649412 856993 3
684558 878573 3
656658 854609 3
651506 856097 3
618405 842859 3
667280 765619 3
600996 890782 3
674463 862486 3
676694 851597 3
620685 880813 3
716590 874975 3
721401 951880 3
657094 857640 3
644693 867371 3
633601 861482 3
673646 857346 3
657184 855509 3
708244 871834 3
659081 860560 3
657811 885904 3
642843 909185 3
709303 897538 3
610505 851476 3
612648 772280 3
673196 812941 3
673267 883727 3
694451 863981 3
678869 902492 3
690018 819280 3
677983 890077 3
639997 865965 3
709254 847444 3
679799 858680 3
664355 831472 3
659166 861665 3
692386 863386 3
688076 833905 3
680506 840053 3
641840 886745 3
673292 857105 3
622212 860015 3
736557 897961 3
668234 886696 3
675013 876331 3
675902 853961 3
695092 820091 3
730287 897070 3
691716 873426 3
722404 952207 3
678606 878004 3
664156 846474 3
688118 911574 3
674492 861230 3
675382 836312 3
664639 925795 3
626334 852383 3
669690 842110 3
653177 819935 3
674265 861435 3
677404 883871 3
672212 860894 3
715956 900724 3
674236 877152 3
679818 860064 3
578509 923881 3
680381 823757 3
720629 816515 3
640210 902029 3
671772 860357 3
618009 867493 3
672628 882986 3
680261 863401 3
682100 853708 3
681049 846975 3
668567 856554 3
656957 871011 3
662293 872590 3
673953 835926 3
718544 888401 3
648590 917839 3
699124 824089 3
668367 855686 3
675866 868784 3
700098 894685 3
683156 877209 3
661357 801817 3
789095 895634 3
673332 857517 3
627452 835854 3
672059 860501 3
665048 854911 3
683580 872374 3
668839 882598 3
682510 905902 3
671235 856653 3
680228 843225 3
662249 918050 3
674961 865594 3
679211 886670 3
676220 858214 3
567861 856582 3
668228 858122 3
682241 850176 3
712262 856869 3
671325 856592 3
680592 858526 3
683098 847245 3
646816 829778 3
675633 863416 3
677551 860007 3
683656 842406 3
678195 860537 3
700747 821557 3
679054 898217 3
676360 866112 3
665308 868551 3
665775 845662 3
660459 860658 3
670119 859029 3
672068 874862 3
644301 925034 3
704574 866263 3
665660 828338 3
680579 836946 3
682053 853410 3
672544 859978 3
713088 880834 3
680969 838864 3
674151 853540 3
664903 839150 3
641902 755287 3
683610 910782 3
676962 897430 3
594720 848457 3
658748 777680 3
700341 869730 3
640432 837036 3
668519 860048 3
672668 861428 3
638004 837697 3
673071 856021 3
668772 858570 3
636871 929410 3
599612 859210 3
739318 810528 3
654937 781879 3
663095 949045 3
658734 883214 3
647968 877873 3
682699 851115 3
684739 884934 3
667620 855461 3
616281 845406 3
697161 840318 3
679237 862389 3
664260 859029 3
674121 858589 3
700962 927047 3
723397 859761 3
648230 857418 3
677896 867053 3
680828 839011 3
680757 826912 3
673826 880137 3
694897 834591 3
683585 905984 3
671609 815681 3
669748 863109 3
674659 860894 3
659734 844127 3
656156 868643 3
653258 860766 3
684131 898331 3
666516 859837 3
655237 871554 3
653592 959882 3
659280 845579 3
646422 900526 3
627580 840406 3
604546 847329 3
631316 837043 3
705518 925936 3
662898 884734 3
718088 852181 3
666315 872311 3
710082 881600 3
674433 860605 3
685821 816579 3
678856 850293 3
669427 846395 3
687043 806921 3
657981 866945 3
676480 860779 3
704065 832648 3
669178 866011 3
693783 860206 3
683027 876064 3
670957 810768 3
674134 908464 3
637665 858741 3
664325 877878 3
664025 801796 3
672800 874378 3
685124 873363 3
674496 870664 3
684602 823981 3
677769 841641 3
651576 865180 3
650720 817440 3
674472 860330 3
673028 860593 3
683413 861559 3
669638 842011 3
674365 860819 3
687360 862438 3
662684 813662 3
673242 886958 3
674311 859933 3
595580 798572 3
636769 854047 3
685551 798742 3
663945 828490 3
717187 883275 3
706906 885612 3
675988 841317 3
671976 864630 3
669366 869654 3
651216 815098 3
676767 832479 3
657879 857942 3
665828 868934 3
674905 876286 3
640000 863831 3
672818 881943 3
634800 823669 3
658590 886551 3
639463 847461 3
625416 868848 3
672266 862875 3
723173 872525 3
688098 908495 3
673410 863889 3
679788 889464 3
615826 863168 3
598671 854219 3
753254 840123 3
669430 905798 3
726847 875488 3
648443 845340 3
674114 970756 3
675551 956849 3
677459 896720 3
634004 895206 3
653745 809028 3
682420 846881 3
666636 858686 3
682481 879399 3
656834 885944 3
718257 857481 3
672598 856928 3
693997 774817 3
612392 916853 3
671444 860206 3
671404 857240 3
689628 868984 3
704570 845515 3
652233 886054 3
705929 851313 3
682315 843851 3
667131 849230 3
707894 904500 3
649345 864613 3
629998 877765 3
659542 840985 3
621278 888326 3
682304 876841 3
679747 860939 3
663049 843538 3
672876 844123 3
689948 850548 3
696257 894819 3
629377 853726 3
658034 897179 3
696808 866039 3
699668 863774 3
669697 859388 3
606506 766728 3
672474 868765 3
697011 856357 3
708262 945359 3
653181 886417 3
674521 861127 3
729194 856897 3
663168 859429 3
644843 838626 3
672797 843231 3
680677 868629 3
614497 830844 3
646671 857872 3
679242 853941 3
665697 929571 3
749941 916922 3
602365 916673 3
684537 843821 3
694308 904062 3
731712 878998 3
667713 847241 3
730383 879136 3
689363 817577 3
728743 850843 3
683941 915579 3
722463 882675 3
670519 870010 3
683252 858182 3
669288 860515 3
675357 870850 3
673449 860643 3
687325 883004 3
603472 894573 3
669713 851017 3
693362 837786 3
605535 925341 3
687078 791051 3
672387 800443 3
683048 937776 3
713579 879202 3
571669 873544 3
695260 824882 3
702654 841548 3
601619 825604 3
564416 878492 3
703773 870419 3
674931 870112 3
673140 864863 3
681053 892766 3
683321 873932 3
701017 931252 3
645677 814395 3
677362 853471 3
659046 930099 3
665426 853940 3
691827 863963 3
650661 861267 3
599647 858702 3
684091 842566 3
